1	913
0	622
2	232
4	66
11	30
13	23
5	19
3	12
6	9
17	7
7	6
23	5
8	5
15	4
26	3
14	2
16	2
12	2
27	2
24	2
32	2
33	2
35	2
29	1
38	1
47	1
46	1
45	1
44	1
43	1
42	1
41	1
40	1
9	1
10	1
39	1
36	1
37	1
28	1
34	1
18	1
19	1
20	1
21	1
22	1
48	1
25	1
31	1
30	1
49	1
id	"Int64Index([ 2,  1,  3,  5, 12, 14,  6,  4,  7, 18,  8, 24,  9, 16, 27, 15, 17,
            13, 28, 25, 33, 34, 36, 30, 39, 48, 47, 46, 45, 44, 43, 42, 41, 10,
            11, 40, 37, 38, 29, 35, 19, 20, 21, 22, 23, 49, 26, 32, 31, 50],
           dtype='int64')"
