1	793
0	342
3	339
5	128
2	112
4	87
7	38
6	25
14	22
16	14
8	12
9	8
19	8
10	6
25	5
22	5
20	5
33	4
12	4
18	4
28	3
34	2
15	2
29	2
17	2
26	2
13	2
11	1
49	1
21	1
39	1
47	1
46	1
45	1
44	1
43	1
42	1
41	1
40	1
38	1
23	1
37	1
36	1
35	1
32	1
31	1
30	1
27	1
48	1
24	1
id	"Int64Index([ 2,  1,  4,  6,  3,  5,  8,  7, 15, 17,  9, 10, 20, 11, 26, 23, 21,
            34, 13, 19, 29, 35, 16, 30, 18, 27, 14, 12, 50, 22, 40, 48, 47, 46,
            45, 44, 43, 42, 41, 39, 24, 38, 37, 36, 33, 32, 31, 28, 49, 25],
           dtype='int64')"
